[502, (0.24704112060683653, 0.02711123501844457, 0.014444707565738155)]
[509, (-0.14970390685391186, 0.05557428333625783, 0.025976623122300188)]
[511, (0.14948917702544784, 0.058997518945718266, 0.016165147079686096)]
[511, (-0.18120402550748393, 0.02621610862166806, 0.017876611915505165)]
[524, (-0.1812872524492668, 0.055348207241252875, 0.0257469888195431)]
[525, (-0.2106114236787222, 0.055574280273710946, 0.026377885053514682)]
[529, (-0.7847208052226526, 0.013260728698869694, 0.10441097952636905)]
[529, (-0.9344701651042899, 0.011467732562264403, 0.11306999356515227)]
[529, (-0.1881098934947099, 0.025832184343731093, 0.01810896488875656)]
[535, (0.07529331082101814, 0.055744932240023436, 0.021672947807853813)]
[535, (-0.7917665651738246, 0.011049776584376978, 0.054639451642578496)]
[544, (-0.22634400402775645, 0.05569357893541588, 0.02651748532101006)]
[544, (-0.21061518617374014, 0.025832184592955887, 0.018694183149173142)]
[546, (-0.22204851642122586, 0.055780632213440276, 0.027436054097783352)]
[549, (-0.931321131098557, 0.011438203860517297, 0.11272749001845905)]
[554, (-0.9390880271915611, 0.011485767602843295, 0.11359738149385432)]
[555, (-0.17071400143681217, 0.025832184588743812, 0.017531013534981654)]
[563, (-0.776713878694999, 0.010845884819334128, 0.10529044371466623)]
[563, (-0.4939752167717102, 0.05885405799232616, 0.03684781966431878)]
[563, (-0.15077553446042571, 0.025472512622253588, 0.01720388875239963)]
[564, (0.11053883030002798, 0.05899750890332517, 0.013300103684669419)]
[567, (-0.26840660479581, 0.055729271754620224, 0.029220939926582257)]
[579, (-0.21108431644714348, 0.05574490358414014, 0.0284406226198092)]
[580, (-0.056367900451716024, 0.057501137007107295, 0.015598230971558963)]
[580, (-0.741265403031026, 0.010790882832760449, 0.05159869533968439)]
[581, (0.42961447800378794, 0.058770390181391755, 0.00999342832739213)]
[584, (-0.8397731402674151, 0.058854070226552785, 0.06179727773938028)]
[609, (-0.7112594509030525, 0.010691173243196142, 0.0497753669746621)]
[611, (-0.398313986653115, 0.05557427880872182, 0.037484549716405996)]
[611, (-0.7126294986629167, 0.010696778254074299, 0.04985693700234414)]
[613, (-0.2560862698376185, 0.05885406782372231, 0.02102288867059044)]
[615, (-0.8585460666461183, 0.011313759420541594, 0.10428244928350058)]
[617, (-0.8832692408172358, 0.05574483430511823, 0.07921381894919202)]
[617, (-0.05901612272746126, 0.025303908034550033, 0.015273714746811131)]
[623, (-0.8568271017884352, 0.011306936418420328, 0.10408717826982594)]
[623, (-0.23272333477899942, 0.025303907782507462, 0.018388020521603918)]
[626, (-0.31552924429133, 0.05577210305856517, 0.03178118510692399)]
[626, (-0.7660753130221449, 0.05912718926528955, 0.05624120465419796)]
[626, (-0.743109873926243, 0.010798382975472844, 0.051711022630422265)]
[627, (-0.01584137379720158, 0.05928972866305757, 0.01498599763129779)]
[640, (-0.1412008122983528, 0.059291598528565574, 0.018211021910058488)]
[646, (-0.8398545615289554, 0.059291583976453247, 0.061434570948802614)]
[646, (-0.7340674091199137, 0.010761138106805051, 0.05116403612119956)]
[649, (-0.7373940858923463, 0.010775136247929421, 0.051364685331715176)]
[656, (-0.8017599593177251, 0.010942436582376577, 0.10847378286153446)]
[656, (-0.7360754433512673, 0.010769775200666184, 0.05128421441744645)]
[664, (-0.7319022014565464, 0.010752793892869435, 0.05103135982199673)]
[670, (-0.8964645820473045, 0.011442374787133239, 0.10861982513575241)]
[673, (-0.7939312278328534, 0.01088948948946588, 0.10750229200178346)]
[675, (-0.09899499548077766, 0.05557428234126198, 0.023682022401409385)]
[675, (-0.8972165260401415, 0.011445452525065002, 0.10870585334088465)]
[675, (-0.734247103572752, 0.010762338960114836, 0.05117374483996475)]
[676, (-0.11613655575188708, 0.0557349719999741, 0.023658758823033137)]
[676, (0.24285135096567878, 0.059291600373610906, 0.013237043090617132)]
[676, (-0.7366421607196878, 0.010772082086365691, 0.05131767703233009)]
[683, (-0.23203629934059264, 0.025206617665807257, 0.019798796810335112)]
[684, (0.11593745834575661, 0.025303908097342606, 0.015753445291726634)]
[687, (-0.1102689405843813, 0.05933970803883888, 0.017116161185484625)]
[692, (-0.22559274693703013, 0.02540946173573201, 0.019571278744848403)]
[693, (-0.7482705023638501, 0.059291576591626705, 0.054857113633964893)]
[700, (-0.7931314399148874, 0.0108863471799652, 0.10740235689837341)]
[706, (-0.17276555934915455, 0.026216107480293134, 0.01776136006367337)]
[713, (-0.5676843888241792, 0.0553481976271924, 0.0516105461885666)]
[716, (-0.8286997796887661, 0.05534809548406653, 0.07479778300035059)]
[727, (-0.12419120899518393, 0.05534797357351247, 0.02455909611383773)]
[727, (-0.16806090782133368, 0.025206620191089754, 0.017320271403002366)]
[728, (-0.8945233013522205, 0.011434480095991077, 0.10839927751632837)]
[730, (-0.0729338422513951, 0.025206620046582695, 0.01602707913116281)]
[741, (-0.896160738760823, 0.011441130848647535, 0.10858585932250425)]
[741, (-0.10590293149819993, 0.025206618957865287, 0.016391704763011834)]
[742, (-0.9697811896994242, 0.011606059268093386, 0.11710257443319469)]
[753, (-0.9657761638590521, 0.011590377616552964, 0.11664529496585749)]
[769, (-0.9314044968115804, 0.011497233689640934, 0.10945950113203294)]
[770, (-0.08891455865555124, 0.02498583911945896, 0.016076949762411735)]
[771, (-0.7334964685735796, 0.010714728559993125, 0.05117027176262251)]
[779, (-0.924290971486812, 0.05200549479148696, 0.07106800818826574)]
[781, (-0.1718181439985506, 0.05200550108900254, 0.024025888792064132)]
[781, (-0.09956085061202785, 0.02498583896802696, 0.014876031252434408)]
[782, (-1.0120041748886661, 0.011771220969663432, 0.12195412846122917)]
[784, (-0.9050010070135609, 0.05200544086126487, 0.06960055390521802)]
[784, (-0.41196279525502777, 0.025170734746204047, 0.022840098244151272)]
[785, (-0.7191798180165374, 0.010643855565683449, 0.04864510706449258)]
[786, (-1.0205026929947918, 0.01180610985422282, 0.1229426597281627)]
[788, (-0.9179967773753595, 0.011444486693900123, 0.107975159947407)]
[788, (-1.0055817387622237, 0.011774821661759223, 0.12117655572512634)]
[788, (-0.15835026824324755, 0.025303908106967775, 0.01614905056882171)]
[797, (-0.2636644382491933, 0.05234186081240372, 0.02968015896340867)]
[797, (-0.09428357716884461, 0.026216108365362395, 0.01476595944692324)]
[800, (-0.3055593380606826, 0.053093085977166526, 0.02839528318099116)]
[800, (-0.13154680984297223, 0.026216108521991008, 0.015069306082988202)]
[801, (-1.015688932470479, 0.011814060891662079, 0.12235465747960989)]
[825, (-1.030270346080044, 0.012022080857128505, 0.12034021107675469)]
[830, (-0.16080893398957696, 0.025303895131466587, 0.016012437326225527)]
[834, (-1.030270346080044, 0.012022080857128505, 0.12034021107675469)]
[834, (-1.0268215687324518, 0.011858297320941465, 0.1236503241919075)]
[834, (-0.12197878499714943, 0.026453144654094526, 0.013912189139728415)]
[835, (-1.0110969794640638, 0.014431401707802598, 0.1191551038677437)]
[840, (-1.0110969794640638, 0.014431401707802598, 0.1191551038677437)]
[840, (-0.7615957330598742, 0.01091963140247982, 0.05107353845935392)]
[848, (-0.1326985026211956, 0.026545310890958518, 0.015411881965587262)]
[850, (-1.0279767450550175, 0.01198653177580005, 0.12010885178821792)]
[851, (-0.2659355083430567, 0.0262239351346098, 0.01802350639212537)]
[855, (-1.0179720209441494, 0.011946793383527382, 0.1189803519187176)]
[855, (-0.7297023383046346, 0.010748023846793901, 0.04921634311649831)]
[858, (-1.0426000560386857, 0.011879352964652218, 0.12192918477362033)]
[858, (-1.0310708313418566, 0.0118474324754177, 0.12417322476928742)]
[858, (-0.7334462567775386, 0.010763259638203373, 0.04943648583579018)]
[868, (-1.0159996230742279, 0.011788513350834192, 0.12241804102028594)]
[869, (-1.0420859300463632, 0.01191804638660942, 0.12542620192067244)]
[869, (0.2647392976174811, 0.02761125942683769, 0.011425867365932978)]
[873, (-1.0407491666549986, 0.011872241511342564, 0.12172012963297432)]
[873, (-1.0297201251383266, 0.014533010188807972, 0.12124516401452932)]
[873, (-0.1239609551783023, 0.027685252867186275, 0.014552370897053087)]
[874, (-1.0439945711948941, 0.011904417476536564, 0.12206610223894188)]
[874, (-0.12263170731420903, 0.02824176898476642, 0.014623556503071448)]
[878, (-1.0404024868074164, 0.014590152591854876, 0.1224435155570461)]
[881, (-1.0439945711948941, 0.011904417476536564, 0.12206610223894188)]
[881, (0.28510207491203865, 0.02868815852179543, 0.010972874378803534)]
[886, (-1.0404024868074164, 0.014590152591854876, 0.1224435155570461)]
[886, (-0.8126479336063611, 0.011191785125884023, 0.054044639072737016)]
[890, (-1.0356156526960145, 0.011867953843773503, 0.12112418328280972)]
[891, (-1.0404379335063436, 0.011917608429255544, 0.12163652810383976)]
[900, (-1.0269135469790562, 0.011834639820251305, 0.12014060758128145)]
[919, (-1.0525021861402957, 0.011934453968704607, 0.12302921749699837)]
[919, (0.14508366906744113, 0.028241895656563525, 0.01212408032134589)]
[927, (-0.9312983638035497, 0.01160814923943072, 0.10934349844482061)]
[929, (-0.930505600049431, 0.011605003196758692, 0.10925566942739315)]
[929, (-0.3095427100521909, 0.02768508336602952, 0.018376772071501596)]
[933, (-0.9359412435697729, 0.011641755830660905, 0.1098413162931276)]
[933, (-1.020929886065086, 0.011805682036137775, 0.1229945615799849)]
[933, (-0.7990828777148922, 0.011134808665699457, 0.05324069473175086)]
[947, (-0.941806248376093, 0.01166538850720731, 0.1104915777756389)]
[947, (-0.17565955656181464, 0.028241837027409566, 0.01513601217834213)]
[953, (-0.9666971407595346, 0.011742728559982221, 0.11326618473836941)]
[966, (-1.089745856864161, 0.012260651551221198, 0.12120077208309998)]
[971, (-1.0262386024868615, 0.011815398876431571, 0.1200813903153668)]
[971, (-1.0556938515839314, 0.012124801638824364, 0.11755694778746975)]
[971, (-1.0023873063030089, 0.027292248185658237, 0.04863742277167247)]
[973, (-1.0356482254827095, 0.012044841563138352, 0.11540757458540997)]
[973, (-0.18545745831982963, 0.02761125938320222, 0.015172475359838563)]
[974, (-1.0480269624749772, 0.011916976217051893, 0.12252441624621807)]
[976, (-1.0776865447889343, 0.012224653777179444, 0.11989833814453979)]
[979, (-1.0104355287631324, 0.011770342586026019, 0.11827778048060361)]
[979, (0.23219336417996456, 0.02768745214909511, 0.011638473837265417)]
[982, (-1.1375131148293647, 0.012292750724441831, 0.12647689987728808)]
[985, (-1.033254141262916, 0.011859349223744414, 0.12085687491077741)]
[985, (-1.1375131148293647, 0.012292750724441831, 0.12647689987728808)]
[985, (-0.1536378083224531, 0.028241899250399057, 0.014189091236987856)]
[987, (-1.0525021861402957, 0.011934453968704607, 0.12302921749699837)]
[988, (-1.0451771631260263, 0.011936085225138983, 0.12217127503648652)]
[988, (-0.16826486908274033, 0.028688160437131537, 0.014592187869550612)]
[989, (-0.1434201801602234, 0.029066235412836216, 0.013917974203328073)]
[996, (-1.049579816366033, 0.012102554673104969, 0.11689946844145138)]
[1002, (-1.0453207715091555, 0.014648980093871125, 0.11935221613414337)]
[1002, (-1.0398094726142406, 0.012063466483340134, 0.11585191725143842)]
[1002, (-1.0526818528007058, 0.012139151869560019, 0.05810036832488148)]
[1003, (-1.0907330008329175, 0.012236705900400303, 0.12674117195945395)]
[1004, (-1.0375699511812337, 0.014608416644924647, 0.11850933349264803)]
[1004, (-1.0706586380019498, 0.012007829756359275, 0.1246536160784648)]
[1004, (-1.0544497851599601, 0.012162031753583744, 0.05817381962097955)]
[1005, (-1.1068265239740458, 0.012181429751860814, 0.12867239090585525)]
[1005, (-1.057098254350064, 0.012229244021406366, 0.05824888525559656)]
[1007, (-1.0675289088642885, 0.0139739002252453, 0.12260855521665484)]
[1009, (0.05472227349249528, 0.05805675029428786, 0.019343279700107463)]
[1016, (0.03888281836434921, 0.056971421822519346, 0.022993850321333796)]
[1018, (0.10861199860377962, 0.0580567502167742, 0.020055719418463146)]
[1018, (-1.032540851738616, 0.012073552907769607, 0.05705646542356774)]
[1020, (0.15668456130996494, 0.0573555925111309, 0.02261832191712489)]
[1024, (-0.7424543184054009, 0.010729218317570493, 0.11573164619090048)]
[1034, (0.5032000562383898, 0.056760118337827584, 0.018924444457080164)]
[1038, (0.1301814605445836, 0.05676013874335821, 0.022646979046201766)]
[1043, (0.1673664956001874, 0.05931346054390951, 0.01836791019103351)]
[1043, (-1.047396240746716, 0.012117385679472056, 0.057831438876695174)]
[1045, (0.06524572184579691, 0.056760139416239044, 0.02405740178052572)]
[1045, (-1.0524307316207229, 0.012153679572646611, 0.05807121886425333)]
[1055, (0.06525249130084054, 0.05676013915852118, 0.024060757049190445)]
[1055, (0.05660442407997466, 0.058056748470453265, 0.0225248691156294)]
[1055, (-1.0328616322797646, 0.012128888993196169, 0.05701703669555147)]
[1062, (0.11918649755407576, 0.05931345768065836, 0.02132787525194006)]
[1062, (-1.0665419921055928, 0.012266260152232936, 0.05872978070707631)]
[1065, (0.5456466039414023, 0.056760139006844, 0.01827862339291106)]
[1068, (-0.4367503181991039, 0.009496083920888462, 0.09580618044237241)]
[1069, (0.8691618390906579, 0.0569714219202159, 0.016121900707685793)]
[1071, (0.08175027236107216, 0.05719584742615818, 0.02169414615966044)]
[1074, (0.0702743874033036, 0.057355595234654715, 0.02208823424710686)]
[1078, (-0.014700228266051826, 0.058056750254943404, 0.02640153979108878)]
[1078, (-1.0674171829874513, 0.012269847534752947, 0.058774144389269076)]
[1079, (0.09891947464037082, 0.05847039334765079, 0.02056811873149371)]
[1079, (-0.0028747019179323, 0.05823657971178145, 0.025900999852089227)]
[1079, (-1.0674171829874513, 0.012269847534752947, 0.058774144389269076)]
[1085, (-1.033353209213555, 0.012129378538056117, 0.05704366733285712)]
[1086, (-1.033353209213555, 0.012129378538056117, 0.05704366733285712)]
[1093, (0.1878785312703503, 0.057753284527258614, 0.023575851182146224)]
[1094, (-0.010882933015270282, 0.05805365598551637, 0.025899875755869772)]
[1102, (-0.4458762365647966, 0.00951485087537576, 0.09746885705874966)]
[1102, (-0.345571709106387, 0.05823657823726687, 0.0402857960458368)]
[1102, (-1.053229723072885, 0.012228372499233729, 0.05803663695298224)]
[1107, (0.11019067510065084, 0.058962797836559194, 0.019888742352889004)]
[1107, (-1.075324743156466, 0.012320595347920873, 0.05915498023229408)]
[1110, (-0.0015269282167146867, 0.060554195218547116, 0.022052149802346765)]
[1110, (-0.31404394652761053, 0.059223154010059786, 0.03766911036161989)]
[1110, (-1.111791987821378, 0.012472697137994381, 0.060991984138395766)]
[1119, (0.12734918244485133, 0.05823655962096788, 0.022399612953845828)]
[1119, (-1.0937178885106333, 0.01239716176790372, 0.06008306846200413)]
[1121, (-0.23850858855596718, 0.06055418397664142, 0.04105906532231096)]
[1122, (-0.40929009717656534, 0.059223136786608274, 0.04567394473914981)]
[1122, (-1.150670914067137, 0.012602800267113943, 0.06297514382285398)]
[1123, (0.14069897830582595, 0.06061545825536331, 0.019186919321981494)]
[1137, (0.2453301778957409, 0.058056749878956364, 0.020325900267120466)]
[1137, (-1.0711339265323814, 0.01230043265691395, 0.058946035028104554)]
[1146, (0.1710105972970307, 0.05805675023633068, 0.020781284045487083)]
[1146, (-1.114421545781702, 0.012472827170444293, 0.06113609459099266)]
[1150, (0.13545544891067043, 0.05805674994355205, 0.02177734830265217)]
[1154, (0.12978945256752827, 0.06061545804886245, 0.019359471061810143)]
[1157, (-1.0554796268193831, 0.012235245415487855, 0.05815336028584364)]
[1161, (0.07761718967000475, 0.05823644049534035, 0.024553031343234603)]
[1169, (-0.5323582857600607, 0.05922311591111673, 0.05743214565595953)]
[1169, (-1.075273971255577, 0.012320245684816461, 0.05915256318915955)]
[1170, (-0.10018243920932096, 0.060615442760150254, 0.025349037959195693)]
[1171, (0.12972009797224002, 0.06090593098263482, 0.01940546752617605)]
[1176, (-1.0565504547185385, 0.01223970463741856, 0.05820764789110483)]
[1179, (0.061403395416651074, 0.05805674021717035, 0.024825141844605075)]
[1188, (0.26903993140579685, 0.060554223639477336, 0.016738899307538094)]
[1188, (-0.3527501984943894, 0.058056741132082215, 0.04097556181177699)]
[1188, (-1.0385879554634763, 0.012152629056381242, 0.05730849063756559)]
[1197, (0.3193388553036176, 0.06061545102451644, 0.016393014624439324)]
[1198, (-1.0758958898907347, 0.01232290162867157, 0.05918391842176034)]
[1217, (0.14010436638069335, 0.059932163855733966, 0.018837629773744174)]
[1217, (-1.0758958898907347, 0.01232290162867157, 0.05918391842176034)]
[1221, (-0.3025291781583047, 0.06055421406862986, 0.04795208140593801)]
[1227, (0.18390249663540265, 0.058056479387851356, 0.020664474610426115)]
[1234, (0.13734609578997264, 0.06055422353441049, 0.019159759629002536)]
[1235, (0.1283689245195634, 0.06090594068595964, 0.020220653532078248)]
[1241, (0.13260050424481748, 0.058056732211601486, 0.022102431201336308)]
[1241, (-1.0758958898907347, 0.01232290162867157, 0.05918391842176034)]
[1242, (-1.111791987821378, 0.012472697137994381, 0.060991984138395766)]
[1250, (0.14977573358091556, 0.05775328165577023, 0.020671708294640823)]
[1268, (0.1529831107784867, 0.06137554399390793, 0.020996873043535355)]
[1270, (0.2896121635714067, 0.06233981430826971, 0.019052507342466433)]
[1276, (0.14016901025309147, 0.06239543179357625, 0.021383199652829178)]
[1276, (0.1858210624697327, 0.05775328432834171, 0.019769498138689168)]
[1276, (-1.075324743156466, 0.012320595347920873, 0.05915498023229408)]
[1277, (-0.2786926472148615, 0.058056749473662655, 0.0350602759832173)]
[1277, (-1.111791987821378, 0.012472697137994381, 0.060991984138395766)]
[1288, (-0.009348002132320577, 0.0577532838908981, 0.0238419549109941)]
[1288, (-1.075273971255577, 0.012320245684816461, 0.05915256318915955)]
[1294, (0.25844045439411023, 0.057753282452549036, 0.01860848309558684)]
[1294, (-1.111791987821378, 0.012472697137994381, 0.060991984138395766)]
[1296, (-0.047313555962472484, 0.06090593769470937, 0.02704667094514419)]
[1302, (-0.7701449284941119, 0.010836580284029462, 0.11960446641843686)]
[1305, (0.22905040610168775, 0.058005773037946504, 0.018398852933583433)]
[1305, (-1.0492274706644635, 0.01221191969018723, 0.0578333616035668)]
[1310, (0.07453846786754606, 0.06055421810329589, 0.02380939229219116)]
[1314, (0.1890005135756191, 0.05823657834681742, 0.019038662932848158)]
[1316, (-1.1699218733829884, 0.012682231219485088, 0.06393580282755175)]
[1321, (-0.6921290545056037, 0.05892085706325925, 0.07336194190760996)]
[1324, (0.2629156928296812, 0.05922315497681249, 0.01758214885631594)]
[1333, (0.07726516426661212, 0.0605542225241157, 0.023642525619637915)]
[1336, (-0.7717853792220843, 0.010842962693335977, 0.11982753795556517)]
[1336, (-1.1685755819788617, 0.012703281158256766, 0.05976930011069967)]
[1341, (0.563045136710404, 0.060554220837853986, 0.018360457215380717)]
[1341, (-1.1406959048845318, 0.012588221631476826, 0.05847458226514277)]
[1348, (0.23360007302147293, 0.06090593153049524, 0.02108090317589963)]
[1353, (0.6205892644391316, 0.05892085511780738, 0.014864506332514385)]
[1353, (-1.1685755819788617, 0.012703281158256766, 0.05976930011069967)]
[1356, (0.2509866885478479, 0.05922302915313149, 0.01776349880195032)]
[1356, (-1.1252422353632536, 0.012524514083128286, 0.05775407958271952)]
[1371, (-1.4739314824904142, 0.013990502417017839, 0.06653960862046238)]
[1378, (-1.3084410431219475, 0.013295627339862085, 0.05997786124558053)]
[1382, (0.06509848335396597, 0.05777918252536163, 0.025657726185532928)]
[1386, (-1.367614917842986, 0.01354191367423858, 0.06235351812830495)]
[1388, (0.37556025059313036, 0.05815082229883217, 0.020935130409178035)]
[1389, (-0.14837154056435137, 0.057753284469887006, 0.027446970739707845)]
[1395, (0.09621088418299617, 0.057779182460283206, 0.024323222296479638)]
[1413, (0.07346464147171494, 0.058150822474183766, 0.025283064113593975)]
[1413, (-1.4324614499577653, 0.013811800195971936, 0.06492345697230789)]
[1417, (0.28336892236405176, 0.05805675028274162, 0.017122746671552794)]
[1420, (0.07889970935696287, 0.058150800771859704, 0.025050956654487533)]
[1424, (0.6561001300430509, 0.05902795183602338, 0.01852966430438547)]
[1424, (-0.7743424197420075, 0.010852768611794917, 0.12018481430700793)]
[1424, (-1.367614917842986, 0.01354191367423858, 0.06235351812830495)]
[1425, (-1.3409999849654826, 0.013436628857620904, 0.06128125332730202)]
[1427, (-1.3409999849654826, 0.013436628857620904, 0.06128125332730202)]
[1439, (-1.3409999849654826, 0.013436628857620904, 0.06128125332730202)]
[1442, (0.22763069578153033, 0.058171915575175565, 0.018468658112827177)]
[1442, (-1.3409999849654826, 0.013436628857620904, 0.06128125332730202)]
[1444, (-0.3887524135998835, 0.058236562302219935, 0.045568785571576634)]
[1445, (0.19547774749024738, 0.05834045110307634, 0.019584659336830484)]
[1445, (-1.3803605569377373, 0.013598866307764858, 0.06285601349566555)]
[1446, (-0.2630288445041521, 0.05874507380352012, 0.03418062453142232)]
[1446, (-1.3803605569377373, 0.013598866307764858, 0.06285601349566555)]
[1447, (-0.038167091947694826, 0.05892085767615892, 0.024725066573833894)]
[1451, (0.05910140719832788, 0.059223155043584774, 0.02356829420423931)]
[1451, (-1.373611123964615, 0.01357227029072088, 0.06258520431542813)]
[1464, (-1.3555929830384077, 0.01349738935165539, 0.061865760222229185)]
[1465, (0.12281991719010485, 0.05775082599408489, 0.02317812945808439)]
[1465, (0.1706937287224587, 0.06054525351850046, 0.019885925553675333)]
[1465, (-1.3409999849654826, 0.013436628857620904, 0.06128125332730202)]
[1468, (0.21573962332048893, 0.060545252588174926, 0.018817121433070644)]
[1468, (-1.4062890398163015, 0.013690631825555064, 0.06390764245678154)]
[1473, (-1.3793117948308296, 0.013598977773168788, 0.06280810338326691)]
[1476, (-0.039118076063136914, 0.059223154708205314, 0.025365124479406854)]
[1477, (-1.344165928848831, 0.013431413976458136, 0.061432940853667496)]
[1480, (0.028937706520011465, 0.05922315416836981, 0.023638710285428348)]
[1485, (0.20222588563490634, 0.060545251660488686, 0.019210734630653703)]
[1489, (0.19665068973301386, 0.056990517700974255, 0.02065352847613347)]
[1493, (0.20447380230713347, 0.05705506879441262, 0.02121715033246304)]
[1494, (-1.2354292376048217, 0.01299495212550596, 0.05683116213269585)]
