[1206, 0, (-0.18358933798102536, [0.028102968307150422], 0.011476809544176944)]
[1208, 0, (-0.1858094217602399, [0.027961307316133166], 0.011582400557084503)]
[1217, 0, (-0.17534380359320345, [0.027937656290070112], 0.011400992375543534)]
[1217, 2, (-0.08742249814225153, [0.014073257995264932], 0.006413319745739331)]
[1221, 0, (-0.19025176835729207, [0.027961307316133166], 0.01176817298997622)]
[1227, 1, (0.013903202955833874, [0.028038471523642416], 0.008855636111766527)]
[1234, 0, (-0.1802315677888707, [0.027961307316133166], 0.011514932728623212)]
[1235, 0, (-0.1833977519996756, [0.027961307316133166], 0.011896400095811579)]
[1241, 0, (-0.09663406681305771, [0.028102968307150422], 0.011333105667102628)]
[1241, 1, (-0.00074263543557473, [0.028089391255597007], 0.009038548777549539)]
[1241, 2, (-0.11007787385212425, [0.013959669262604613], 0.006681491752085646)]
[1242, 2, (-0.11030943545982194, [0.014073257995264932], 0.0066665164961569115)]
[1250, 1, (0.0057936380556964096, [0.028089391255597007], 0.00895587727268286)]
[1252, 0, (-0.09253430016183505, [0.027961307316133166], 0.011308599159348957)]
[1268, 0, (-0.06717593951651038, [0.027937656290070112], 0.010803524954657862)]
[1270, 0, (-0.08126716983945245, [0.027937656290070112], 0.011142895899480622)]
[1270, 2, (-0.09829158287385754, [0.013688312482368625], 0.0066331559136512015)]
[1276, 0, (-0.08892308945391221, [0.027937656290070112], 0.011285265606380716)]
[1276, 1, (0.048366106280600805, [0.027822981929099266], 0.008092954249176578)]
[1276, 2, (-0.10152308342575195, [0.013688312482368625], 0.00666341406173661)]
[1277, 0, (-0.10236037638665113, [0.027961307316133166], 0.011562279409910909)]
[1277, 1, (0.03871444626475053, [0.027903522981810647], 0.008224580223811714)]
[1277, 2, (-0.11344995299579072, [0.013708329066071778], 0.006782267647840297)]
[1288, 1, (0.03944175707019825, [0.027934428209006656], 0.00820226486177341)]
[1288, 2, (-0.1171846636750391, [0.013805320359501771], 0.0068194640865193975)]
[1294, 0, (-0.09151851161098828, [0.028102968307150422], 0.011300487496416885)]
[1294, 1, (0.03572246571222641, [0.027934428209006656], 0.008246024489308607)]
[1294, 2, (-0.12857302166073273, [0.013708329066071778], 0.006979590482193645)]
[1296, 0, (-0.09134278869237109, [0.02810534891669536], 0.011296645822133213)]
[1302, 1, (0.03904307721536979, [0.02799082894841498], 0.008182640365319998)]
[1305, 0, (-0.09164863712227066, [0.02810534891669536], 0.011306673320038825)]
[1305, 1, (0.03797921537362235, [0.028027470561237722], 0.00817864175637604)]
[1305, 2, (-0.13466714095965654, [0.013708329066071778], 0.007078715227031352)]
[1310, 0, (-0.09046238313484845, [0.02813238302154275], 0.011272140381034565)]
[1314, 1, (0.03028012403433295, [0.028038471523642416], 0.00826222106616082)]
[1316, 2, (-0.13803722495056175, [0.013708329066071778], 0.007150706351303559)]
[1320, 1, (0.02613908875784821, [0.028089391255597007], 0.008291884785411985)]
[1321, 1, (0.03364085424468083, [0.028089391255597007], 0.008202319431333826)]
[1323, 2, (-0.13915313150408604, [0.013708329066071778], 0.007163135122445395)]
[1324, 1, (0.014506004228299455, [0.02810209534647856], 0.008452656736067642)]
[1333, 0, (-0.07767041450065482, [0.02844767541328308], 0.010940155407271506)]
[1336, 1, (0.02085377959312126, [0.028208008910877602], 0.008332003894319918)]
[1336, 2, (-0.12723758354769502, [0.013805320359501771], 0.006994787905738476)]
[1341, 0, (-0.09356195092670419, [0.02813238302154275], 0.011332926773960677)]
[1341, 2, (-0.12440948537631599, [0.013805320359501771], 0.006957741911518111)]
[1348, 0, (-0.09512440153641047, [0.02813238302154275], 0.011364030803175579)]
[1353, 1, (0.004481636994979037, [0.028208008910877602], 0.008564545940587823)]
[1353, 2, (-0.12821124172431603, [0.013805320359501771], 0.0069967308994215785)]
[1356, 1, (-0.0001236897694910051, [0.028218252582233427], 0.008615369416441334)]
[1356, 2, (-0.14143937754920066, [0.013805320359501771], 0.0071439734976557895)]
[1371, 2, (-0.14422458309244568, [0.013805320359501771], 0.007180793324254512)]
[1378, 2, (-0.1610608957921778, [0.01368537209888282], 0.00742004466643772)]
[1382, 0, (-0.07422808625342542, [0.027961307316133166], 0.011025551896074463)]
[1384, 1, (0.025766718261076668, [0.02810209534647856], 0.008304907350384218)]
[1386, 2, (-0.16921548425786975, [0.013688312482368625], 0.007511820580017607)]
[1387, 2, (-0.15544778643761936, [0.013805320359501771], 0.007303410625714017)]
[1388, 0, (-0.057908919456526445, [0.027961307316133166], 0.01066580102784916)]
[1389, 1, (0.0432951183417086, [0.028208008910877602], 0.008056702682945178)]
[1395, 0, (-0.05822699138406896, [0.028102968307150422], 0.010625291773607987)]
[1401, 0, (-0.07574983449959163, [0.02810534891669536], 0.010974948241412433)]
[1401, 1, (0.035742662487250595, [0.028089391255597007], 0.008039759383999673)]
[1401, 2, (-0.15438363564178875, [0.013812254470481178], 0.00728803027788329)]
[1402, 0, (0.00421722702328266, [0.02813238302154275], 0.01067852591630693)]
[1403, 0, (0.12711109630639317, [0.02844767541328308], 0.009762002498374969)]
[1403, 1, (0.017292226097483154, [0.02810209534647856], 0.00828076061088325)]
[1403, 2, (-0.15649117038445406, [0.013915726193397981], 0.0072841304721048845)]
[1404, 0, (0.2574469514166282, [0.028465068459260612], 0.009282600775242943)]
[1405, 0, (0.2492211926193285, [0.028465068459260612], 0.009423602414740015)]
[1405, 1, (0.20482687168791613, [0.028208008910877602], 0.0073684093406796575)]
[1405, 2, (0.14461497235007503, [0.013959669262604613], 0.005997415608649659)]
[1406, 1, (0.3332055215255164, [0.028218252582233427], 0.007073663731576162)]
[1407, 0, (0.3215900309637508, [0.02854565952873589], 0.0092915054102852)]
[1407, 1, (0.3350423562554592, [0.028248935905485162], 0.0070369783709751214)]
[1407, 2, (0.2698140495019704, [0.014124097854779416], 0.005600191604710635)]
[1408, 0, (0.30787141256047695, [0.028554387033118578], 0.00955118683816903)]
[1408, 1, (0.3335790781864172, [0.028286645661896648], 0.007228043153841592)]
[1408, 2, (0.2851696950200554, [0.01432479929873981], 0.005404571436990507)]
[1409, 1, (0.38582146648798615, [0.02829616022296877], 0.007302666361628375)]
[1412, 1, (0.4561904335463933, [0.02847221763942076], 0.0070746510797630455)]
[1413, 0, (0.3124718435751102, [0.028554387033118578], 0.009858127671806587)]
[1413, 1, (0.4451736348814534, [0.028506517442623336], 0.007225416324811158)]
[1413, 2, (0.3021774467594173, [0.014124097854779416], 0.005724771757119199)]
[1414, 0, (0.37342456120904155, [0.02861525291417183], 0.009831574061492505)]
[1414, 1, (0.4840193772215531, [0.02855135724436031], 0.007311004445461167)]
[1414, 2, (0.3917735018088795, [0.01432479929873981], 0.005395144427141058)]
[1415, 0, (0.3644545095627013, [0.028639279978450616], 0.009974487326637787)]
[1415, 1, (0.54598114893212, [0.028575451929229667], 0.0073502480655473846)]
[1415, 2, (0.3807403724567853, [0.014325725064936679], 0.005601290447390564)]
[1416, 1, (0.5645691335409775, [0.028575451929229667], 0.00740819860562336)]
[1417, 1, (0.5811806828945623, [0.028664243104564835], 0.007502590318340434)]
[1420, 0, (0.38081368488823636, [0.028639279978450616], 0.010272893791480359)]
[1420, 1, (0.5726541439633399, [0.02868882024453967], 0.007760146459243794)]
[1422, 0, (0.4015970141367729, [0.028683371614519393], 0.010501278343874858)]
[1423, 0, (0.4839777992680675, [0.028983855891198007], 0.010027601358342032)]
[1423, 1, (0.561163696422583, [0.028697185565983663], 0.00789897992234082)]
[1423, 2, (0.409061741751655, [0.014325725064936679], 0.005594348603026791)]
[1424, 0, (0.49287168353536215, [0.029096840581232353], 0.00984333588636365)]
[1424, 1, (0.5754100413495411, [0.02892050910290278], 0.0076787887773055105)]
[1424, 2, (0.3993423179834256, [0.014361129543613238], 0.005711142058573938)]
[1425, 0, (0.48885189820455066, [0.0291685426540505], 0.010091197345649644)]
[1425, 1, (0.5757126458339035, [0.02903047584020252], 0.007750448105675389)]
[1425, 2, (0.397454189966712, [0.014397343035379095], 0.005861479020404741)]
[1426, 2, (0.39813997488871106, [0.014397343035379095], 0.005913047465958246)]
[1427, 0, (0.4810693212153526, [0.0291685426540505], 0.01024807293116968)]
[1427, 1, (0.5757104453545371, [0.02903047584020252], 0.007774543792370025)]
[1427, 2, (0.40179872352489665, [0.01448000989838727], 0.005847499768550836)]
[1430, 1, (0.5785844421772025, [0.02903047584020252], 0.007963875380679147)]
[1433, 0, (0.48218222689206136, [0.0291685426540505], 0.01031929519289757)]
[1434, 1, (0.607815996783053, [0.029291758106867016], 0.0075274334384994816)]
[1435, 0, (0.46706704827964013, [0.0291764664642874], 0.010706418589836213)]
[1435, 1, (0.6229929950336672, [0.029452493506021526], 0.007479562846599319)]
[1435, 2, (0.4128881318174815, [0.014518197381427178], 0.005980354987635519)]
[1437, 0, (0.45674090477017076, [0.02921666612860052], 0.010882371775872028)]
[1438, 1, (0.6122029250390228, [0.029452493506021526], 0.007603727773184299)]
[1439, 0, (0.44606855244975485, [0.029261140608697944], 0.011073330891969565)]
[1439, 1, (0.6095515060480297, [0.029467659864999884], 0.007893621142683705)]
[1439, 2, (0.4094010514623247, [0.014518197381427178], 0.006056995100050079)]
[1440, 0, (0.43511391025448287, [0.029314354141049825], 0.011355435171762462)]
[1445, 0, (0.44616870629716515, [0.02945714460016502], 0.011099086755297088)]
[1445, 1, (0.5958990041953792, [0.029497125965113724], 0.008060118501034377)]
[1445, 2, (0.40297949851378057, [0.014559975348804932], 0.0062112419035729415)]
[1446, 0, (0.4893509768313988, [0.029885069290207567], 0.010218260975473433)]
[1446, 1, (0.5813492201795432, [0.029532400146186966], 0.008288055850823126)]
[1446, 2, (0.40580064860259807, [0.01463502173724146], 0.006154746685349443)]
[1447, 1, (0.5779577216284498, [0.029532400146186966], 0.008558137701919856)]
[1447, 2, (0.3964185235166877, [0.014676775508476125], 0.0062985717407552455)]
[1448, 1, (0.5588529084556417, [0.029538567262712867], 0.008861479856658045)]
[1450, 0, (0.4894781188064488, [0.029885069290207567], 0.010214885495341587)]
[1453, 1, (0.5473058334369286, [0.029562391857163917], 0.009014893842068675)]
[1453, 2, (0.40201767849385117, [0.014685208462394073], 0.006242192822799964)]
[1454, 0, (0.48483262076427014, [0.029967281363165732], 0.010264828214502655)]
[1464, 2, (0.4131679126427568, [0.014685208462394073], 0.006112977353705716)]
[1465, 0, (0.4449909927344683, [0.02945714460016502], 0.010972159603425874)]
[1465, 1, (0.5315950437819015, [0.029584975110362954], 0.009277985556950627)]
[1465, 2, (0.39816809189975744, [0.014692172814588345], 0.006270665965518391)]
[1468, 0, (0.44482804389077507, [0.02945714460016502], 0.010977889537573268)]
[1468, 1, (0.5354662744313979, [0.029751628004731856], 0.009188371575313818)]
[1468, 2, (0.3821477626861149, [0.014692172814588345], 0.00646676272074876)]
[1476, 1, (0.5382534515691092, [0.029751628004731856], 0.00937962012038229)]
[1480, 1, (0.5409530531507192, [0.029751628004731856], 0.009325849334303318)]
[1482, 0, (0.442771573932636, [0.029261140608697944], 0.011049812920420031)]
[1485, 1, (0.5310182724167938, [0.029804535097522677], 0.009463801206541719)]
[1486, 0, (0.43359556792729786, [0.029314354141049825], 0.011213600441432686)]
[1488, 0, (0.47175562305774354, [0.029885069290207567], 0.010418941947383058)]
